ARGS:(1000000,)_KWARGS:{}_TIME:10.353205919265747_TRIALS:1
ARGS:(1000000,)_KWARGS:{}_TIME:10.459529638290405_TRIALS:1
ARGS:(1000000,)_KWARGS:{}_TIME:10.427508115768433_TRIALS:1
ARGS:(1000000,)_KWARGS:{}_TIME:10.46277928352356_TRIALS:1
